public struct Reflect3x3
{
    // CUBIC OCTAHEDRAL SYSTEMS - VERTICES, EDGES, FACES, FACE N-GON
    // 6 , 12, 8 Triangles 
    public static float[][,] v6_O = new float[3][,]
    {
        new float[3,3]
        {
            {-1, 0, 0},
            {0, 1, 0},
            {0, 0, 1}
        },
        new float[3,3]
        {
            { 1, 0, 0},
            { 0,-1, 0},
            { 0, 0, 1}
        },
        new float[3,3]
        {
            { 1, 0, 0},
            { 0, 1, 0},
            { 0, 0,-1}
        }
    };

    // 8, 12, 6, Square
    public static float[][,] v8_C = new float[4][,]
    {
        new float[3,3]
        {
            {  .333333333f,-.666666666f,-.666666666f},
            { -.666666666f, .333333333f,-.666666666f},
            { -.666666666f,-.666666666f, .333333333f}
        },
        new float[3,3]
        {
            {  .333333333f,-.666666666f, .666666666f},
            { -.666666666f, .333333333f, .666666666f},
            {  .666666666f, .666666666f, .333333333f}
        },
        new float[3,3]
        {
            {  .333333333f, .666666666f,-.666666666f},
            {  .666666666f, .333333333f, .666666666f},
            { -.666666666f, .666666666f, .333333333f}
        },
        new float[3,3]
        {
            {  .333333333f, .666666666f, .666666666f},
            {  .666666666f, .333333333f,-.666666666f},
            {  .666666666f,-.666666666f, .333333333f}
        }
    };

    // 12, 24, 8 Triangle + 6 Square = 14
    public static float[][,] v12_CO = new float[6][,]
    {
        new float[3,3]
        {
            { 0,-1, 0},
            {-1, 0, 0},
            { 0, 0, 1}
        },
        new float[3,3]
        {
            { 0, 1, 0},
            { 1, 0, 0},
            { 0, 0,-1}
        },
        new float[3,3]
        {
            { 0, 0,-1},
            { 0, 1, 0},
            {-1, 0, 0}
        },
        new float[3,3]
        {
            { 0, 0, 1},
            { 0, 1, 0},
            { 1, 0, 0}
        },
        new float[3,3]
        {
            { 1, 0, 0},
            { 0, 0,-1},
            { 0,-1, 0}
        },
        new float[3,3]
        {
            {-1, 0, 0},
            { 0, 0, 1},
            { 0, 1, 0}
        }
    };

    // 24, 36, 8 Hexagons + 6 Squares = 14
    public static float[][,] v24_tO = new float[12][,]
{
        new float[3,3]
        {
            { -.6f, -.8f,   0},
            {-.8f,   .6f,   0},
            { 0,      0,    1}
        },
        new float[3,3]
        {
            { -.6f, .8f,   0},
            { .8f,  .6f,   0},
            { 0,     0,    1}
        },
        new float[3,3]
        {
            { .6f, -.8f,   0},
            {-.8f, -.6f,   0},
            { 0,      0,   1}
        },
        new float[3,3]
        {
            { .6f,  .8f,   0},
            { .8f, -.6f,   0},
            { 0,      0,   1}
        },
        new float[3,3]
        {
            {-.6f,  0,  -.8f},
            { 0,    1,    0},
            {-.8f,   0,  .6f}
        },
        new float[3,3]
        {
            {-.6f,  0,   .8f},
            { 0,    1,    0},
            { .8f,   0,  .6f}
        },
        new float[3,3]
        {
            {.6f,  0,  -.8f},
            { 0,    1,    0},
            {-.8f,   0, -.6f}
        },
        new float[3,3]
        {
            { .6f,  0,  .8f},
            { 0,    1,    0},
            { .8f,   0, -.6f}
        },
        new float[3,3]
        {
            { 1,    0,        0},
            { 0,  -.6f,     -.8f},
            { 0,  -.8f,      .6f}
        },
        new float[3,3]
        {
            { 1,    0,        0},
            { 0,  -.6f,     .8f},
            { 0,  .8f,      .6f}
        },
        new float[3,3]
        {
            { 1,    0,      0},
            { 0,  .6f,    -.8f},
            { 0, -.8f,    -.6f}
        },
        new float[3,3]
        {
            { 1,    0,     0},
            { 0,  .6f,    .8f},
            { 0,  .8f,   -.6f}
        }
    };

    // 24, 36, 8 Triangles + 6 Octagons = 14
    public static float[][,] v24_tC = new float[12][,]
{
        new float[3,3]
        {
            { .07900857355f,    -.9209914264f,      -.3814871396f},
            { -.9209914264f,     .07900857355f,     -.3814871396f},
            { -.3814871396f,    -.3814871396f,       .8419828528f}
        },
        new float[3,3]
        {
            { .07900857355f,    -.9209914264f,      .3814871396f},
            {-.9209914264f,     .07900857355f,      .3814871396f},
            { .3814871396f,     .3814871396f,       .8419828528f}
        },
        new float[3,3]
        {
            { .07900857355f,     .9209914264f,      -.3814871396f},
            { .9209914264f,     .07900857355f,       .3814871396f},
            { -.3814871396f,    .3814871396f,        .8419828528f}
        },
        new float[3,3]
        {
            { .07900857355f,    .9209914264f,      .3814871396f},
            { .9209914264f,     .07900857355f,     -.3814871396f},
            { .3814871396f,    -.3814871396f,       .8419828528f}
        },
        new float[3,3]
        {
            { .07900857355f,   -.3814871396f,     -.9209914264f },
            {-.3814871396f,     .8419828528f,     -.3814871396f },
            {-.9209914264f,    -.3814871396f,      .07900857355f }
        },
        new float[3,3]
        {
            { .07900857355f,    -.3814871396f,     .9209914264f },
            {-.3814871396f,     .8419828528f,      .3814871396f },
            { .9209914264f,     .3814871396f,      .07900857355f }
        },
        new float[3,3]
        {
            { .07900857355f,    .3814871396f,    -.9209914264f },
            { .3814871396f,     .8419828528f,    .3814871396f },
            {-.9209914264f,     .3814871396f,    .07900857355f }
        },
        new float[3,3]
        {
            { .07900857355f,     .3814871396f,      .9209914264f },
            { .3814871396f,      .8419828528f,     -.3814871396f },
            { .9209914264f,     -.3814871396f,      .07900857355f }
        },
        new float[3,3]
        {
            { .8419828528f,   -.3814871396f,     -.3814871396f },
            {-.3814871396f,     .07900857355f,    -.9209914264f },
            {-.3814871396f,    -.9209914264f,      .07900857355f }
        },
        new float[3,3]
        {
            { .8419828528f,   -.3814871396f,      .3814871396f },
            {-.3814871396f,     .07900857355f,     .9209914264f },
            { .3814871396f,     .9209914264f,      .07900857355f }
        },
        new float[3,3]
        {
            { .8419828528f,    .3814871396f,     -.3814871396f },
            { .3814871396f,     .07900857355f,     .9209914264f },
            {-.3814871396f,     .9209914264f,      .07900857355f }
        },
        new float[3,3]
        {
            { .8419828528f,    .3814871396f,      .3814871396f },
            { .3814871396f,     .07900857355f,    -.9209914264f },
            { .3814871396f,    -.9209914264f,      .07900857355f }
        }
};

    // 24, 48, 8 Triangles + 12 Squares + 6 Squares = 26
    public static float[][,] v24_rCO = new float[12][,]
{
        new float[3,3]
        {
            {-.4890416764f,     -.6167812573f,     -.6167812573f},
            {-.6167812573f,      .7445208382f,     -.2554791617f},
            {-.6167812573f,     -.2554791617f,       .7445208382f}
        },
        new float[3,3]
        {
            {-.4890416764f,     -.6167812573f,     .6167812573f},
            {-.6167812573f,      .7445208382f,     .2554791617f},
            { .6167812573f,     .2554791617f,       .7445208382f}
        },
        new float[3,3]
        {
            {-.4890416764f,      .6167812573f,     -.6167812573f},
            { .6167812573f,      .7445208382f,      .2554791617f},
            {-.6167812573f,      .2554791617f,       .7445208382f}
        },
        new float[3,3]
        {
            {-.4890416764f,      .6167812573f,     .6167812573f},
            { .6167812573f,      .7445208382f,     -.2554791617f},
            { .6167812573f,     -.2554791617f,       .7445208382f}
        },
        new float[3,3]
        {
            {.7445208382f,     -.6167812573f,     -.2554791617f},
            {-.6167812573f,     -.4890416764f,    -.6167812573f},
            {-.2554791617f,     -.6167812573f,     .7445208382f}
        },
        new float[3,3]
        {
            {.7445208382f,     -.6167812573f,      .2554791617f},
            {-.6167812573f,     -.4890416764f,     .6167812573f},
            { .2554791617f,      .6167812573f,     .7445208382f}
        },
        new float[3,3]
        {
            {.7445208382f,      .6167812573f,     -.2554791617f},
            { .6167812573f,     -.4890416764f,     .6167812573f},
            {-.2554791617f,      .6167812573f,     .7445208382f}
        },
        new float[3,3]
        {
            {.7445208382f,      .6167812573f,      .2554791617f},
            { .6167812573f,     -.4890416764f,    -.6167812573f},
            { .2554791617f,     -.6167812573f,     .7445208382f}
        },

        new float[3,3]
        {
            {.7445208382f,      -.2554791617f,   -.6167812573f },
            {-.2554791617f,     .7445208382f,    -.6167812573f},
            {-.6167812573f,     -.6167812573f,   -.4890416764f}
        },
        new float[3,3]
        {
            {.7445208382f,      -.2554791617f,    .6167812573f },
            {-.2554791617f,     .7445208382f,     .6167812573f},
            { .6167812573f,      .6167812573f,   -.4890416764f}
        },
        new float[3,3]
        {
            {.7445208382f,      .2554791617f,   -.6167812573f },
            { .2554791617f,     .7445208382f,    .6167812573f},
            {-.6167812573f,     .6167812573f,   -.4890416764f}
        },
        new float[3,3]
        {
            {.7445208382f,      .2554791617f,     .6167812573f },
            { .2554791617f,     .7445208382f,    -.6167812573f},
            { .6167812573f,     -.6167812573f,   -.4890416764f}
        }
};

    // 48, 72, 8 Hexagons + 12 Squares + 6 Octagons = 26
    public static float[][,] v48_tCO = new float[24][,]
    {
        new float[3,3]
        {
            {-.3643623273f,   -.8603695270f,   -.3563767267f},
            {-.8603695270f,    .4574493092f,   -.2247318543f},
            {-.3563767267f,   -.2247318543f,    .9069130180f}
        },
        new float[3,3]
        {
            {-.3643623273f,   -.8603695270f,   .3563767267f},
            {-.8603695270f,    .4574493092f,   .2247318543f},
            { .3563767267f,    .2247318543f,   .9069130180f}
        },
        new float[3,3]
        {
            {-.3643623273f,    .8603695270f,   -.3563767267f},
            { .8603695270f,    .4574493092f,    .2247318543f},
            {-.3563767267f,    .2247318543f,    .9069130180f}
        },
        new float[3,3]
        {
            {-.3643623273f,    .8603695270f,    .3563767267f},
            { .8603695270f,    .4574493092f,   -.2247318543f},
            { .3563767267f,   -.2247318543f,    .9069130180f}
        },
        new float[3,3]
        {
            {-.3643623273f,   -.3563767267f,   -.8603695270f},
            {-.3563767267f,    .9069130180f,   -.2247318543f},
            {-.8603695270f,   -.2247318543f,    .4574493092f}
        },
        new float[3,3]
        {
            {-.3643623273f,   -.3563767267f,    .8603695270f},
            {-.3563767267f,    .9069130180f,    .2247318543f},
            { .8603695270f,    .2247318543f,    .4574493092f}
        },
        new float[3,3]
        {
            {-.3643623273f,    .3563767267f,   -.8603695270f},
            { .3563767267f,    .9069130180f,    .2247318543f},
            {-.8603695270f,    .2247318543f,    .4574493092f}
        },
        new float[3,3]
        {
            {-.3643623273f,    .3563767267f,    .8603695270f},
            { .3563767267f,    .9069130180f,   -.2247318543f},
            { .8603695270f,   -.2247318543f,    .4574493092f}
        },
        new float[3,3]
        {
            {.4574493092f,   -.8603695270f,   -.2247318543f},
            {-.8603695270f,  -.3643623273f,   -.3563767267f},
            {-.2247318543f,  -.3563767267f,    .9069130180f}
        },
        new float[3,3]
        {
            {.4574493092f,   -.8603695270f,    .2247318543f},
            {-.8603695270f,  -.3643623273f,    .3563767267f},
            { .2247318543f,   .3563767267f,    .9069130180f}
        },
        new float[3,3]
        {
            {.4574493092f,    .8603695270f,   -.2247318543f},
            { .8603695270f,  -.3643623273f,    .3563767267f},
            {-.2247318543f,   .3563767267f,    .9069130180f}
        },
        new float[3,3]
        {
            {.4574493092f,    .8603695270f,    .2247318543f},
            { .8603695270f,  -.3643623273f,   -.3563767267f},
            { .2247318543f,  -.3563767267f,    .9069130180f}
        },
        new float[3,3]
        {
            {.9069130180f,   -.3563767267f,   -.2247318543f},
            {-.3563767267f,  -.3643623273f,   -.8603695270f},
            {-.2247318543f,  -.8603695270f,    .4574493092f}
        },
        new float[3,3]
        {
            {.9069130180f,   -.3563767267f,    .2247318543f},
            {-.3563767267f,  -.3643623273f,    .8603695270f},
            { .2247318543f,   .8603695270f,    .4574493092f}
        },
        new float[3,3]
        {
            {.9069130180f,    .3563767267f,   -.2247318543f},
            { .3563767267f,  -.3643623273f,    .8603695270f},
            {-.2247318543f,   .8603695270f,    .4574493092f}
        },
        new float[3,3]
        {
            {.9069130180f,    .3563767267f,    .2247318543f},
            { .3563767267f,  -.3643623273f,   -.8603695270f},
            { .2247318543f,  -.8603695270f,    .4574493092f}
        },
        new float[3,3]
        {
            {.4574493092f,   -.2247318543f,   -.8603695270f},
            {-.2247318543f,  .9069130180f,    -.3563767267f},
            {-.8603695270f,  -.3563767267f,   -.3643623273f}
        },
        new float[3,3]
        {
            {.4574493092f,   -.2247318543f,    .8603695270f},
            {-.2247318543f,  .9069130180f,     .3563767267f},
            { .8603695270f,   .3563767267f,   -.3643623273f}
        },
        new float[3,3]
        {
            {.4574493092f,    .2247318543f,   -.8603695270f},
            { .2247318543f,  .9069130180f,     .3563767267f},
            {-.8603695270f,   .3563767267f,   -.3643623273f}
        },
        new float[3,3]
        {
            {.4574493092f,    .2247318543f,    .8603695270f},
            { .2247318543f,  .9069130180f,    -.3563767267f},
            { .8603695270f,  -.3563767267f,   -.3643623273f}
        },
        new float[3,3]
        {
            {.9069130180f,   -.2247318543f,   -.3563767267f},
            {-.2247318543f,  .4574493092f,    -.8603695270f},
            {-.3563767267f,  -.8603695270f,   -.3643623273f}
        },
        new float[3,3]
        {
            {.9069130180f,   -.2247318543f,    .3563767267f},
            {-.2247318543f,  .4574493092f,     .8603695270f},
            { .3563767267f,   .8603695270f,   -.3643623273f}
        },
        new float[3,3]
        {
            {.9069130180f,    .2247318543f,   -.3563767267f},
            { .2247318543f,   .4574493092f,    .8603695270f},
            {-.3563767267f,   .8603695270f,   -.3643623273f}
        },
        new float[3,3]
        {
            {.9069130180f,    .2247318543f,    .3563767267f},
            { .2247318543f,   .4574493092f,   -.8603695270f},
            { .3563767267f,  -.8603695270f,   -.3643623273f}
        }
    };

    // 12, 18, 4 Triangles + 4 Hexagons = 8
    public static float[][,] v12_tT = new float[12][,]
    {
        new float[3,3]
        {
            {-.6363636363f, -.5454545454f, -.5454545454f},
            {-.5454545454f,  .8181818181f, -.1818181818f},
            {-.5454545454f, -.1818181818f,  .8181818181f}
        },
        new float[3,3]
        {
            {-.6363636363f, -.5454545454f,  .5454545454f},
            {-.5454545454f,  .8181818181f,  .1818181818f},
            { .5454545454f,  .1818181818f,  .8181818181f}
        },
        new float[3,3]
        {
            {-.6363636363f,  .5454545454f, -.5454545454f},
            { .5454545454f,  .8181818181f,  .1818181818f},
            {-.5454545454f,  .1818181818f,  .8181818181f}
        },
        new float[3,3]
        {
            {-.6363636363f,  .5454545454f,  .5454545454f},
            { .5454545454f,  .8181818181f, -.1818181818f},
            { .5454545454f, -.1818181818f,  .8181818181f}
        },

        new float[3,3]
        {
            { .8181818181f, -.5454545454f, -.1818181818f},
            {-.5454545454f, -.6363636363f, -.5454545454f},
            {-.1818181818f, -.5454545454f,  .8181818181f}
        },
        new float[3,3]
        {
            { .8181818181f, -.5454545454f,  .1818181818f},
            {-.5454545454f, -.6363636363f,  .5454545454f},
            { .1818181818f,  .5454545454f,  .8181818181f}
        },
        new float[3,3]
        {
            { .8181818181f,  .5454545454f, -.1818181818f},
            { .5454545454f, -.6363636363f,  .5454545454f},
            {-.1818181818f,  .5454545454f,  .8181818181f}
        },
        new float[3,3]
        {
            { .8181818181f,  .5454545454f,  .1818181818f},
            { .5454545454f, -.6363636363f, -.5454545454f},
            { .1818181818f, -.5454545454f,  .8181818181f}
        },

        new float[3,3]
        {
            { .8181818181f, -.1818181818f, -.5454545454f},
            {-.1818181818f,  .8181818181f, -.5454545454f},
            {-.5454545454f, -.5454545454f, -.6363636363f}
        },
        new float[3,3]
        {
            { .8181818181f, -.1818181818f,  .5454545454f},
            {-.1818181818f,  .8181818181f,  .5454545454f},
            { .5454545454f,  .5454545454f, -.6363636363f}
        },
        new float[3,3]
        {
            { .8181818181f,  .1818181818f, -.5454545454f},
            { .1818181818f,  .8181818181f,  .5454545454f},
            {-.5454545454f,  .5454545454f, -.6363636363f}
        },
        new float[3,3]
        {
            { .8181818181f,  .1818181818f,  .5454545454f},
            { .1818181818f,  .8181818181f, -.5454545454f},
            { .5454545454f, -.5454545454f, -.6363636363f}
        }
    };


    // ICOSAHEDRAL DODECAHEDRAL SYSTEMS- VERTICES, EDGES, FACES, FACE N-GON
    // Listed in order where the first terms are where the greatest delta between (x,y,z) values and then
    // towards the terms where the terms are closest to equality (|x| == |y| == |z|).
    // I = 12, 30, 20 Triangles
    public static float[][,] v12_I_G = new float[6][,]
    {
        new float[3,3]
        {
            { .44721359549f, -.8944271909f,  0},
            {-.8944271909f,-.44721359549f,   0},
            { 0,             0,              1}
        },
        new float[3,3]
        {
            {.44721359549f, .8944271909f,  0},
            { .8944271909f,-.44721359549f,   0},
            { 0,             0,              1}
        },
        new float[3,3]
        {
            {-.44721359549f,    0,  -.8944271909f},
            { 0,                1,   0},
            { -.8944271909f,    0,  .44721359549f}
        },
        new float[3,3]
        {
            {-.44721359549f,    0,  .8944271909f},
            { 0,                1,   0},
            { .8944271909f,    0,   .44721359549f}
        },
        new float[3,3]
        {
            { 1,      0,                0},
            { 0,     .44721359549f, -.8944271909f},
            { 0,    -.8944271909f,  -.44721359549f}
        },
        new float[3,3]
        {
            { 1,      0,                0},
            { 0,     .44721359549f, .8944271909f},
            { 0,     .8944271909f,  -.44721359549f}
        }
    };
    public static float[][,] v12_I_J = new float[6][,]
    {
        new float[3,3]
        {
            {-.44721359549f, -.8944271909f,  0},
            {-.8944271909f, .44721359549f,   0},
            { 0,             0,              1}
        },
        new float[3,3]
        {
            {-.44721359549f, .8944271909f,  0},
            { .8944271909f, .44721359549f,   0},
            { 0,             0,              1}
        },
        new float[3,3]
        {
            { .44721359549f,    0,  -.8944271909f},
            { 0,                1,   0},
            { -.8944271909f,    0,   -.44721359549f}
        },
        new float[3,3]
        {
            { .44721359549f,    0,  .8944271909f},
            { 0,                1,   0},
            { .8944271909f,    0,   -.44721359549f}
        },
        new float[3,3]
        {
            { 1,      0,                0},
            { 0,    -.44721359549f, -.8944271909f},
            { 0,    -.8944271909f,  .44721359549f}
        },
        new float[3,3]
        {
            { 1,      0,                0},
            { 0,    -.44721359549f, .8944271909f},
            { 0,     .8944271909f,  .44721359549f}
        }
    };

    // D = 20, 30, 12 Pentagons
    public static float[][,] v20_D_G = new float[10][,]
    {
        new float[3,3]
        {
            {-.74535599249f, -.6666666666f, 0},
            {-.6666666666f, .74535599249f, 0},
            {0, 0, 1}
        },
        new float[3,3]
        {
            {-.74535599249f, .6666666666f, 0},
            {.6666666666f, .74535599249f, 0},
            {0, 0, 1}
        },
        new float[3,3]
        {
            { .74535599249f, 0, -.6666666666f},
            { 0, 1, 0},
            {-.6666666666f, 0,-.74535599249f}
        },
        new float[3,3]
        {
            { .74535599249f, 0, .6666666666f},
            { 0, 1, 0},
            { .6666666666f, 0,-.74535599249f}
        },
        new float[3,3]
        {
            { 1, 0, 0},
            { 0,-.74535599249f, -.6666666666f},
            { 0, -.6666666666f, .74535599249f}
        },
        new float[3,3]
        {
            { 1, 0, 0},
            { 0,-.74535599249f, .6666666666f},
            { 0, .6666666666f, .74535599249f}
        },
        new float[3,3]
        {
            {  .333333333f,-.666666666f,-.666666666f},
            { -.666666666f, .333333333f,-.666666666f},
            { -.666666666f,-.666666666f, .333333333f}
        },
        new float[3,3]
        {
            {  .333333333f,-.666666666f, .666666666f},
            { -.666666666f, .333333333f, .666666666f},
            {  .666666666f, .666666666f, .333333333f}
        },
        new float[3,3]
        {
            {  .333333333f, .666666666f,-.666666666f},
            {  .666666666f, .333333333f, .666666666f},
            { -.666666666f, .666666666f, .333333333f}
        },
        new float[3,3]
        {
            {  .333333333f, .666666666f, .666666666f},
            {  .666666666f, .333333333f,-.666666666f},
            {  .666666666f,-.666666666f, .333333333f}
        }
    };
    public static float[][,] v20_D_J = new float[10][,]
{
        new float[3,3]
        {
            { .74535599249f, -.6666666666f, 0},
            {-.6666666666f, -.74535599249f, 0},
            {0, 0, 1}
        },
        new float[3,3]
        {
            { .74535599249f, .6666666666f, 0},
            {.6666666666f, -.74535599249f, 0},
            {0, 0, 1}
        },
        new float[3,3]
        {
            {-.74535599249f, 0, -.6666666666f},
            { 0, 1, 0},
            {-.6666666666f, 0, .74535599249f}
        },
        new float[3,3]
        {
            {-.74535599249f, 0, .6666666666f},
            { 0, 1, 0},
            { .6666666666f, 0, .74535599249f}
        },
        new float[3,3]
        {
            { 1, 0, 0},
            { 0, .74535599249f, -.6666666666f},
            { 0, -.6666666666f,-.74535599249f}
        },
        new float[3,3]
        {
            { 1, 0, 0},
            { 0, .74535599249f, .6666666666f},
            { 0, .6666666666f,-.74535599249f}
        },
        new float[3,3]
        {
            {  .333333333f,-.666666666f,-.666666666f},
            { -.666666666f, .333333333f,-.666666666f},
            { -.666666666f,-.666666666f, .333333333f}
        },
        new float[3,3]
        {
            {  .333333333f,-.666666666f, .666666666f},
            { -.666666666f, .333333333f, .666666666f},
            {  .666666666f, .666666666f, .333333333f}
        },
        new float[3,3]
        {
            {  .333333333f, .666666666f,-.666666666f},
            {  .666666666f, .333333333f, .666666666f},
            { -.666666666f, .666666666f, .333333333f}
        },
        new float[3,3]
        {
            {  .333333333f, .666666666f, .666666666f},
            {  .666666666f, .333333333f,-.666666666f},
            {  .666666666f,-.666666666f, .333333333f}
        }
};

    // ID = 30, 60, 20 Triangles + 12 Pentagons = 32
    public static float[][,] v30_ID_G = new float[15][,]
{
        new float[3,3]
        {
            {-1, 0, 0},
            {0, 1, 0},
            {0, 0, 1}
        },
        new float[3,3]
        {
            { 1, 0, 0},
            { 0,-1, 0},
            { 0, 0, 1}
        },
        new float[3,3]
        {
            { 1, 0, 0},
            { 0, 1, 0},
            { 0, 0,-1}
        },

        new float[3,3]
        {
            {-.3090169943f,     -.8090169943f,  -.5f},
            {-.8090169943f,     .5f,            -.3090169943f},
            {-.5f,              -.3090169943f,  .8090169943f}
        },
        new float[3,3]
        {
            {-.3090169943f,    -.8090169943f,   .5f},
            {-.8090169943f,     .5f,            .3090169943f},
            { .5f,              .3090169943f,   .8090169943f}
        },
        new float[3,3]
        {
            {-.3090169943f,     .8090169943f,  -.5f},
            { .8090169943f,     .5f,            .3090169943f},
            {-.5f,              .3090169943f,  .8090169943f}
        },
        new float[3,3]
        {
            {-.3090169943f,     .8090169943f,    .5f},
            { .8090169943f,     .5f,            -.3090169943f},
            { .5f,             -.3090169943f,    .8090169943f}
        },

        new float[3,3]
        {
            {  .5f,             -.3090169943f,  -.8090169943f},
            { -.3090169943f,     .8090169943f,  -.5f},
            { -.8090169943f,    -.5f,           -.3090169943f}
        },
        new float[3,3]
        {
            {  .5f,             -.3090169943f,   .8090169943f},
            { -.3090169943f,     .8090169943f,   .5f},
            {  .8090169943f,     .5f,           -.3090169943f}
        },
        new float[3,3]
        {
            {  .5f,              .3090169943f,  -.8090169943f},
            {  .3090169943f,     .8090169943f,   .5f},
            { -.8090169943f,     .5f,           -.3090169943f}
        },
        new float[3,3]
        {
            {  .5f,              .3090169943f,   .8090169943f},
            {  .3090169943f,     .8090169943f,  -.5f},
            {  .8090169943f,    -.5f,           -.3090169943f}
        },

        new float[3,3]
        {
            {  .8090169943f,    -.5f,          -.3090169943f},
            { -.5f,             -.3090169943f, -.8090169943f},
            { -.3090169943f,    -.8090169943f,  .5f}
        },
        new float[3,3]
        {
            {  .8090169943f,    -.5f,           .3090169943f},
            { -.5f,             -.3090169943f,  .8090169943f},
            {  .3090169943f,     .8090169943f,  .5f}
        },
        new float[3,3]
        {
            {  .8090169943f,     .5f,          -.3090169943f},
            {  .5f,             -.3090169943f,  .8090169943f},
            { -.3090169943f,     .8090169943f,  .5f}
        },
        new float[3,3]
        {
            {  .8090169943f,     .5f,           .3090169943f},
            {  .5f,             -.3090169943f, -.8090169943f},
            {  .3090169943f,    -.8090169943f,  .5f}
        }
    };
    public static float[][,] v30_ID_J = new float[15][,]
    {
        new float[3,3]
        {
            {-1, 0, 0},
            {0, 1, 0},
            {0, 0, 1}
        },
        new float[3,3]
        {
            { 1, 0, 0},
            { 0,-1, 0},
            { 0, 0, 1}
        },
        new float[3,3]
        {
            { 1, 0, 0},
            { 0, 1, 0},
            { 0, 0,-1}
        },

        new float[3,3]
        {
            {-.3090169943f,     -.5f,           -.8090169943f},
            {-.5f,              .8090169943f,   -.3090169943f},
            {-.8090169943f,     -.3090169943f,   .5f}
        },
        new float[3,3]
        {
            {-.3090169943f,     -.5f,            .8090169943f},
            {-.5f,              .8090169943f,    .3090169943f},
            { .8090169943f,      .3090169943f,   .5f}
        },
        new float[3,3]
        {
            {-.3090169943f,      .5f,           -.8090169943f},
            { .5f,              .8090169943f,    .3090169943f},
            {-.8090169943f,      .3090169943f,   .5f}
        },
        new float[3,3]
        {
            {-.3090169943f,      .5f,            .8090169943f},
            { .5f,              .8090169943f,   -.3090169943f},
            { .8090169943f,     -.3090169943f,   .5f}
        },

        new float[3,3]
        {
            {  .8090169943f,     -.3090169943f,  -.5f},
            { -.3090169943f,     .5f,            -.8090169943f},
            { -.5f,             -.8090169943f,   -.3090169943f}
        },
        new float[3,3]
        {
            {  .8090169943f,     -.3090169943f,   .5f},
            { -.3090169943f,     .5f,             .8090169943f},
            {  .5f,              .8090169943f,   -.3090169943f}
        },
        new float[3,3]
        {
            {  .8090169943f,      .3090169943f,  -.5f},
            {  .3090169943f,     .5f,             .8090169943f},
            { -.5f,              .8090169943f,   -.3090169943f}
        },
        new float[3,3]
        {
            {  .8090169943f,      .3090169943f,   .5f},
            {  .3090169943f,     .5f,            -.8090169943f},
            {  .5f,             -.8090169943f,   -.3090169943f}
        },

        new float[3,3]
        {
            {  .5f,             -.8090169943f,  -.3090169943f},
            { -.8090169943f,    -.3090169943f,  -.5f},
            { -.3090169943f,    -.5f,            .8090169943f}
        },
        new float[3,3]
        {
            {  .5f,             -.8090169943f,   .3090169943f},
            { -.8090169943f,    -.3090169943f,   .5f},
            {  .3090169943f,     .5f,            .8090169943f}
        },
        new float[3,3]
        {
            {  .5f,              .8090169943f,  -.3090169943f},
            {  .8090169943f,    -.3090169943f,   .5f},
            { -.3090169943f,     .5f,            .8090169943f}
        },
        new float[3,3]
        {
            {  .5f,              .8090169943f,   .3090169943f},
            {  .8090169943f,    -.3090169943f,  -.5f},
            {  .3090169943f,    -.5f,            .8090169943f}
        }
    };

    // tI = 60, 90, 12 Pentagons + 20 Hexagons = 32
    public static float[][,] v60_tI_G = new float[30][,]
{
        new float[3,3]
        {
            {-.9185744201f, -.1976240336f,   0},
            {-.1976240336f,  .9592872100f,   0},
            {0,             0,              1}
        },
        new float[3,3]
        {
            {-.9185744201f,  .1976240336f,   0},
            { .1976240336f,  .9592872100f,   0},
            {0,             0,              1}
        },
        new float[3,3]
        {
            { .9592872100f, 0,  -.1976240336f},
            { 0,            1,      0},
            {-.1976240336f, 0,  -.9185744201f}
        },
        new float[3,3]
        {
            { .9592872100f, 0,   .1976240336f},
            { 0,            1,      0},
            { .1976240336f, 0,  -.9185744201f}
        },
        new float[3,3]
        {
            { 1,        0,          0},
            { 0,    -.9185744201f, -.1976240336f},
            { 0,    -.1976240336f, .9592872100f }
        },
        new float[3,3]
        {
            { 1,        0,          0},
            { 0,    -.9185744201f,  .1976240336f},
            { 0,     .1976240336f, .9592872100f }
        },
        new float[3,3]
        {
            {-.0658746778f,  -.1473002577f,      -.4766736470f},
            {-.1473002577f,   .9185744201f,      -.1317493557f},
            {-.4766736470f,  -.1317493557f,       .1473002577f}
        },
        new float[3,3]
        {
            {-.0658746778f,  -.1473002577f,       .4766736470f},
            {-.1473002577f,   .9185744201f,       .1317493557f},
            { .4766736470f,   .1317493557f,       .1473002577f}
        },
        new float[3,3]
        {
            {-.0658746778f,   .1473002577f,      -.4766736470f},
            { .1473002577f,   .9185744201f,       .1317493557f},
            {-.4766736470f,   .1317493557f,       .1473002577f}
        },
        new float[3,3]
        {
            {-.0658746778f,   .1473002577f,       .4766736470f},
            { .1473002577f,   .9185744201f,      -.1317493557f},
            { .4766736470f,  -.1317493557f,       .1473002577f}
        },

        new float[3,3]
        {
            { .1473002577f,  -.4766736470f,      -.1317493557f},
            {-.4766736470f,  -.0658746778f,      -.1473002577f},
            {-.1317493557f,  -.1473002577f,       .9185744201f}
        },
        new float[3,3]
        {
            { .1473002577f,  -.4766736470f,       .1317493557f},
            {-.4766736470f,  -.0658746778f,       .1473002577f},
            { .1317493557f,   .1473002577f,       .9185744201f}
        },
        new float[3,3]
        {
            { .1473002577f,   .4766736470f,      -.1317493557f},
            { .4766736470f,  -.0658746778f,       .1473002577f},
            {-.1317493557f,   .1473002577f,       .9185744201f}
        },
        new float[3,3]
        {
            { .1473002577f,   .4766736470f,       .1317493557f},
            { .4766736470f,  -.0658746778f,      -.1473002577f},
            { .1317493557f,  -.1473002577f,       .9185744201f}
        },

        new float[3,3]
        {
            { .9185744201f,  -.1317493557f,      -.1473002577f},
            {-.1317493557f,  .1473002577f,       -.4766736470f},
            {-.1473002577f,  -.4766736470f,      -.0658746778f}
        },
        new float[3,3]
        {
            { .9185744201f,  -.1317493557f,       .1473002577f},
            {-.1317493557f,   .1473002577f,       .4766736470f},
            { .1473002577f,   .4766736470f,      -.0658746778f}
        },
        new float[3,3]
        {
            { .9185744201f,   .1317493557f,      -.1473002577f},
            { .1317493557f,   .1473002577f,       .4766736470f},
            {-.1473002577f,   .4766736470f,      -.0658746778f}
        },
        new float[3,3]
        {
            { .9185744201f,   .1317493557f,       .1473002577f},
            { .1317493557f,   .1473002577f,      -.4766736470f},
            { .1473002577f,  -.4766736470f,      -.0658746778f}
        },

        new float[3,3]
        {
            {-.1880130476f,    -.1724621456f,  -.1395248067f},
            {-.1724621456f,     .6742976806f,  -.0862310728f},
            {-.1395248067f,    -.0862310728f,   .7868250644f}
        },
        new float[3,3]
        {
            {-.1880130476f,    -.1724621456f,   .1395248067f},
            {-.1724621456f,     .6742976806f,   .0862310728f},
            { .1395248067f,    -.0862310728f,   .7868250644f}
        },
        new float[3,3]
        {
            {-.1880130476f,     .1724621456f,  -.1395248067f},
            { .1724621456f,     .6742976806f,   .0862310728f},
            {-.1395248067f,     .0862310728f,   .7868250644f}
        },
        new float[3,3]
        {
            {-.1880130476f,     .1724621456f,   .1395248067f},
            { .1724621456f,     .6742976806f,  -.0862310728f},
            { .1395248067f,    -.0862310728f,   .7868250644f}
        },

        new float[3,3]
        {
            { .7868250644f,    -.1395248067f,  -.0862310728f},
            {-.1395248067f,    -.1880130476f,  -.1724621456f},
            {-.0862310728f,    -.1724621456f,   .6742976806f}
        },
        new float[3,3]
        {
            { .7868250644f,    -.1395248067f,   .0862310728f},
            {-.1395248067f,    -.1880130476f,   .1724621456f},
            { .0862310728f,     .1724621456f,   .6742976806f}
        },
        new float[3,3]
        {
            { .7868250644f,     .1395248067f,  -.0862310728f},
            { .1395248067f,    -.1880130476f,   .1724621456f},
            {-.0862310728f,     .1724621456f,   .6742976806f}
        },
        new float[3,3]
        {
            { .7868250644f,     .1395248067f,   .0862310728f},
            { .1395248067f,    -.1880130476f,  -.1724621456f},
            { .0862310728f,    -.1724621456f,   .6742976806f}
        },

        new float[3,3]
        {
            { .6742976806f,    -.0862310728f,  -.1724621456f},
            {-.0862310728f,     .7868250644f,  -.1395248067f},
            {-.1724621456f,    -.1395248067f,  -.1880130476f}
        },
        new float[3,3]
        {
            { .6742976806f,    -.0862310728f,   .1724621456f},
            {-.0862310728f,     .7868250644f,   .1395248067f},
            { .1724621456f,     .1395248067f,  -.1880130476f}
        },
        new float[3,3]
        {
            { .6742976806f,     .0862310728f,  -.1724621456f},
            { .0862310728f,     .7868250644f,   .1395248067f},
            {-.1724621456f,     .1395248067f,  -.1880130476f}
        },
        new float[3,3]
        {
            { .6742976806f,     .0862310728f,   .1724621456f},
            { .0862310728f,     .7868250644f,  -.1395248067f},
            { .1724621456f,    -.1395248067f,  -.1880130476f}
        }
    };
    public static float[][,] v60_tI_J = new float[30][,]
{
        new float[3,3]
        {
            { .9185744201f, -.1976240336f,   0},
            {-.1976240336f, -.9592872100f,   0},
            {0,             0,              1}
        },
        new float[3,3]
        {
            { .9185744201f,  .1976240336f,   0},
            { .1976240336f, -.9592872100f,   0},
            {0,             0,              1}
        },
        new float[3,3]
        {
            {-.9592872100f, 0,  -.1976240336f},
            { 0,            1,      0},
            {-.1976240336f, 0,   .9185744201f}
        },
        new float[3,3]
        {
            {-.9592872100f, 0,   .1976240336f},
