using System.Numerics;

public struct Reflect3x3
{
    // Tetrahedral - VERTICES, EDGES, FACES, FACE N-GON
    // 4, 6, 4, Triangles
    // Reflecting the 4/8 vertices in the 2 tetrahedron compound.
    // The tetrahedron and it's truncation do not have antipodal vertices like other regular polyhedron and their truncations.
    public static float[][,] v4_T = new float[4][,]
    {
        new float[3,3]
        {
            {  .333333333f,-.666666666f,-.666666666f},
            { -.666666666f, .333333333f,-.666666666f},
            { -.666666666f,-.666666666f, .333333333f}
        },
        new float[3,3]
        {
            {  .333333333f,-.666666666f, .666666666f},
            { -.666666666f, .333333333f, .666666666f},
            {  .666666666f, .666666666f, .333333333f}
        },
        new float[3,3]
        {
            {  .333333333f, .666666666f,-.666666666f},
            {  .666666666f, .333333333f, .666666666f},
            { -.666666666f, .666666666f, .333333333f}
        },
        new float[3,3]
        {
            {  .333333333f, .666666666f, .666666666f},
            {  .666666666f, .333333333f,-.666666666f},
            {  .666666666f,-.666666666f, .333333333f}
        }
    };
    // 12, 18, 4 Triangles + 4 Hexagons = 8 faces
    public static float[][,] v12_tT = new float[12][,]
    {
        new float[3,3]
        {
            {-.6363636363f, -.5454545454f, -.5454545454f},
            {-.5454545454f,  .8181818181f, -.1818181818f},
            {-.5454545454f, -.1818181818f,  .8181818181f}
        },
        new float[3,3]
        {
            {-.6363636363f, -.5454545454f,  .5454545454f},
            {-.5454545454f,  .8181818181f,  .1818181818f},
            { .5454545454f,  .1818181818f,  .8181818181f}
        },
        new float[3,3]
        {
            {-.6363636363f,  .5454545454f, -.5454545454f},
            { .5454545454f,  .8181818181f,  .1818181818f},
            {-.5454545454f,  .1818181818f,  .8181818181f}
        },
        new float[3,3]
        {
            {-.6363636363f,  .5454545454f,  .5454545454f},
            { .5454545454f,  .8181818181f, -.1818181818f},
            { .5454545454f, -.1818181818f,  .8181818181f}
        },

        new float[3,3]
        {
            { .8181818181f, -.5454545454f, -.1818181818f},
            {-.5454545454f, -.6363636363f, -.5454545454f},
            {-.1818181818f, -.5454545454f,  .8181818181f}
        },
        new float[3,3]
        {
            { .8181818181f, -.5454545454f,  .1818181818f},
            {-.5454545454f, -.6363636363f,  .5454545454f},
            { .1818181818f,  .5454545454f,  .8181818181f}
        },
        new float[3,3]
        {
            { .8181818181f,  .5454545454f, -.1818181818f},
            { .5454545454f, -.6363636363f,  .5454545454f},
            {-.1818181818f,  .5454545454f,  .8181818181f}
        },
        new float[3,3]
        {
            { .8181818181f,  .5454545454f,  .1818181818f},
            { .5454545454f, -.6363636363f, -.5454545454f},
            { .1818181818f, -.5454545454f,  .8181818181f}
        },

        new float[3,3]
        {
            { .8181818181f, -.1818181818f, -.5454545454f},
            {-.1818181818f,  .8181818181f, -.5454545454f},
            {-.5454545454f, -.5454545454f, -.6363636363f}
        },
        new float[3,3]
        {
            { .8181818181f, -.1818181818f,  .5454545454f},
            {-.1818181818f,  .8181818181f,  .5454545454f},
            { .5454545454f,  .5454545454f, -.6363636363f}
        },
        new float[3,3]
        {
            { .8181818181f,  .1818181818f, -.5454545454f},
            { .1818181818f,  .8181818181f,  .5454545454f},
            {-.5454545454f,  .5454545454f, -.6363636363f}
        },
        new float[3,3]
        {
            { .8181818181f,  .1818181818f,  .5454545454f},
            { .1818181818f,  .8181818181f, -.5454545454f},
            { .5454545454f, -.5454545454f, -.6363636363f}
        }
    };
    
    // CUBIC OCTAHEDRAL - VERTICES, EDGES, FACES, FACE N-GON
    // 6 , 12, 8 Triangles 
    public static float[][,] v6_O = new float[3][,]
    {
        new float[3,3]
        {
            {-1, 0, 0},
            { 0, 1, 0},
            { 0, 0, 1}
        },
        new float[3,3]
        {
            { 1, 0, 0},
            { 0,-1, 0},
            { 0, 0, 1}
        },
        new float[3,3]
        {
            { 1, 0, 0},
            { 0, 1, 0},
            { 0, 0,-1}
        }
    };

    // 8, 12, 6 Squares
    public static float[][,] v8_C = new float[4][,]
    {
        new float[3,3]
        {
            {  .333333333f,-.666666666f,-.666666666f},
            { -.666666666f, .333333333f,-.666666666f},
            { -.666666666f,-.666666666f, .333333333f}
        },
        new float[3,3]
        {
            {  .333333333f,-.666666666f, .666666666f},
            { -.666666666f, .333333333f, .666666666f},
            {  .666666666f, .666666666f, .333333333f}
        },
        new float[3,3]
        {
            {  .333333333f, .666666666f,-.666666666f},
            {  .666666666f, .333333333f, .666666666f},
            { -.666666666f, .666666666f, .333333333f}
        },
        new float[3,3]
        {
            {  .333333333f, .666666666f, .666666666f},
            {  .666666666f, .333333333f,-.666666666f},
            {  .666666666f,-.666666666f, .333333333f}
        }
    };

    // 12, 24, 8 Triangles + 6 Squares = 14 faces
    public static float[][,] v12_CO = new float[6][,]
    {
        new float[3,3]
        {
            { 0,-1, 0},
            {-1, 0, 0},
            { 0, 0, 1}
        },
        new float[3,3]
        {
            { 0, 1, 0},
            { 1, 0, 0},
            { 0, 0,-1}
        },
        new float[3,3]
        {
            { 0, 0,-1},
            { 0, 1, 0},
            {-1, 0, 0}
        },
        new float[3,3]
        {
            { 0, 0, 1},
            { 0, 1, 0},
            { 1, 0, 0}
        },
        new float[3,3]
        {
            { 1, 0, 0},
            { 0, 0,-1},
            { 0,-1, 0}
        },
        new float[3,3]
        {
            {-1, 0, 0},
            { 0, 0, 1},
            { 0, 1, 0}
        }
    };

    // 24, 36, 8 Hexagons + 6 Squares = 14 faces
    public static float[][,] v24_tO = new float[12][,]
    {
        new float[3,3]
        {
            { -.6f, -.8f,   0},
            {-.8f,   .6f,   0},
            { 0,      0,    1}
        },
        new float[3,3]
        {
            { -.6f, .8f,   0},
            { .8f,  .6f,   0},
            { 0,     0,    1}
        },
        new float[3,3]
        {
            { .6f, -.8f,   0},
            {-.8f, -.6f,   0},
            { 0,      0,   1}
        },
        new float[3,3]
        {
            { .6f,  .8f,   0},
            { .8f, -.6f,   0},
            { 0,      0,   1}
        },
        new float[3,3]
        {
            {-.6f,  0,  -.8f},
            { 0,    1,    0},
            {-.8f,   0,  .6f}
        },
        new float[3,3]
        {
            {-.6f,  0,   .8f},
            { 0,    1,    0},
            { .8f,   0,  .6f}
        },
        new float[3,3]
        {
            {.6f,  0,  -.8f},
            { 0,    1,    0},
            {-.8f,   0, -.6f}
        },
        new float[3,3]
        {
            { .6f,  0,  .8f},
            { 0,    1,    0},
            { .8f,   0, -.6f}
        },
        new float[3,3]
        {
            { 1,    0,        0},
            { 0,  -.6f,     -.8f},
            { 0,  -.8f,      .6f}
        },
        new float[3,3]
        {
            { 1,    0,        0},
            { 0,  -.6f,     .8f},
            { 0,  .8f,      .6f}
        },
        new float[3,3]
        {
            { 1,    0,      0},
            { 0,  .6f,    -.8f},
            { 0, -.8f,    -.6f}
        },
        new float[3,3]
        {
            { 1,    0,     0},
            { 0,  .6f,    .8f},
            { 0,  .8f,   -.6f}
        }
    };

    // 24, 36, 8 Triangles + 6 Octagons = 14 faces
    public static float[][,] v24_tC = new float[12][,]
    {
        new float[3,3]
        {
            { .07900857355f,    -.9209914264f,      -.3814871396f},
            { -.9209914264f,     .07900857355f,     -.3814871396f},
            { -.3814871396f,    -.3814871396f,       .8419828528f}
        },
        new float[3,3]
        {
            { .07900857355f,    -.9209914264f,      .3814871396f},
            {-.9209914264f,     .07900857355f,      .3814871396f},
            { .3814871396f,     .3814871396f,       .8419828528f}
        },
        new float[3,3]
        {
            { .07900857355f,     .9209914264f,      -.3814871396f},
            { .9209914264f,     .07900857355f,       .3814871396f},
            { -.3814871396f,    .3814871396f,        .8419828528f}
        },
        new float[3,3]
        {
            { .07900857355f,    .9209914264f,      .3814871396f},
            { .9209914264f,     .07900857355f,     -.3814871396f},
            { .3814871396f,    -.3814871396f,       .8419828528f}
        },
        new float[3,3]
        {
            { .07900857355f,   -.3814871396f,     -.9209914264f },
            {-.3814871396f,     .8419828528f,     -.3814871396f },
            {-.9209914264f,    -.3814871396f,      .07900857355f }
        },
        new float[3,3]
        {
            { .07900857355f,    -.3814871396f,     .9209914264f },
            {-.3814871396f,     .8419828528f,      .3814871396f },
            { .9209914264f,     .3814871396f,      .07900857355f }
        },
        new float[3,3]
        {
            { .07900857355f,    .3814871396f,    -.9209914264f },
            { .3814871396f,     .8419828528f,    .3814871396f },
            {-.9209914264f,     .3814871396f,    .07900857355f }
        },
        new float[3,3]
        {
            { .07900857355f,     .3814871396f,      .9209914264f },
            { .3814871396f,      .8419828528f,     -.3814871396f },
            { .9209914264f,     -.3814871396f,      .07900857355f }
        },
        new float[3,3]
        {
            { .8419828528f,   -.3814871396f,     -.3814871396f },
            {-.3814871396f,     .07900857355f,    -.9209914264f },
            {-.3814871396f,    -.9209914264f,      .07900857355f }
        },
        new float[3,3]
        {
            { .8419828528f,   -.3814871396f,      .3814871396f },
            {-.3814871396f,     .07900857355f,     .9209914264f },
            { .3814871396f,     .9209914264f,      .07900857355f }
        },
        new float[3,3]
        {
            { .8419828528f,    .3814871396f,     -.3814871396f },
            { .3814871396f,     .07900857355f,     .9209914264f },
            {-.3814871396f,     .9209914264f,      .07900857355f }
        },
        new float[3,3]
        {
            { .8419828528f,    .3814871396f,      .3814871396f },
            { .3814871396f,     .07900857355f,    -.9209914264f },
            { .3814871396f,    -.9209914264f,      .07900857355f }
        }
    };

    // 24, 48, 8 Triangles + 12 Squares + 6 Squares = 26 faces
    public static float[][,] v24_rCO = new float[12][,]
    {
        new float[3,3]
        {
            {-.4890416764f,     -.6167812573f,     -.6167812573f},
            {-.6167812573f,      .7445208382f,     -.2554791617f},
            {-.6167812573f,     -.2554791617f,       .7445208382f}
        },
        new float[3,3]
        {
            {-.4890416764f,     -.6167812573f,     .6167812573f},
            {-.6167812573f,      .7445208382f,     .2554791617f},
            { .6167812573f,     .2554791617f,       .7445208382f}
        },
        new float[3,3]
        {
            {-.4890416764f,      .6167812573f,     -.6167812573f},
            { .6167812573f,      .7445208382f,      .2554791617f},
            {-.6167812573f,      .2554791617f,       .7445208382f}
        },
        new float[3,3]
        {
            {-.4890416764f,      .6167812573f,     .6167812573f},
            { .6167812573f,      .7445208382f,     -.2554791617f},
            { .6167812573f,     -.2554791617f,       .7445208382f}
        },
        new float[3,3]
        {
            {.7445208382f,     -.6167812573f,     -.2554791617f},
            {-.6167812573f,     -.4890416764f,    -.6167812573f},
            {-.2554791617f,     -.6167812573f,     .7445208382f}
        },
        new float[3,3]
        {
            {.7445208382f,     -.6167812573f,      .2554791617f},
            {-.6167812573f,     -.4890416764f,     .6167812573f},
            { .2554791617f,      .6167812573f,     .7445208382f}
        },
        new float[3,3]
        {
            {.7445208382f,      .6167812573f,     -.2554791617f},
            { .6167812573f,     -.4890416764f,     .6167812573f},
            {-.2554791617f,      .6167812573f,     .7445208382f}
        },
        new float[3,3]
        {
            {.7445208382f,      .6167812573f,      .2554791617f},
            { .6167812573f,     -.4890416764f,    -.6167812573f},
            { .2554791617f,     -.6167812573f,     .7445208382f}
        },

        new float[3,3]
        {
            {.7445208382f,      -.2554791617f,   -.6167812573f },
            {-.2554791617f,     .7445208382f,    -.6167812573f},
            {-.6167812573f,     -.6167812573f,   -.4890416764f}
        },
        new float[3,3]
        {
            {.7445208382f,      -.2554791617f,    .6167812573f },
            {-.2554791617f,     .7445208382f,     .6167812573f},
            { .6167812573f,      .6167812573f,   -.4890416764f}
        },
        new float[3,3]
        {
            {.7445208382f,      .2554791617f,   -.6167812573f },
            { .2554791617f,     .7445208382f,    .6167812573f},
            {-.6167812573f,     .6167812573f,   -.4890416764f}
        },
        new float[3,3]
        {
            {.7445208382f,      .2554791617f,     .6167812573f },
            { .2554791617f,     .7445208382f,    -.6167812573f},
            { .6167812573f,     -.6167812573f,   -.4890416764f}
        }
    };
    
    // 48, 72, 8 Hexagons + 12 Squares + 6 Octagons = 26 faces
    public static float[][,] v48_tCO = new float[24][,]
    {
        new float[3,3]
        {
            {-.3643623273f,   -.8603695270f,   -.3563767267f},
            {-.8603695270f,    .4574493092f,   -.2247318543f},
            {-.3563767267f,   -.2247318543f,    .9069130180f}
        },
        new float[3,3]
        {
            {-.3643623273f,   -.8603695270f,   .3563767267f},
            {-.8603695270f,    .4574493092f,   .2247318543f},
            { .3563767267f,    .2247318543f,   .9069130180f}
        },
        new float[3,3]
        {
            {-.3643623273f,    .8603695270f,   -.3563767267f},
            { .8603695270f,    .4574493092f,    .2247318543f},
            {-.3563767267f,    .2247318543f,    .9069130180f}
        },
        new float[3,3]
        {
            {-.3643623273f,    .8603695270f,    .3563767267f},
            { .8603695270f,    .4574493092f,   -.2247318543f},
            { .3563767267f,   -.2247318543f,    .9069130180f}
        },
        new float[3,3]
        {
            {-.3643623273f,   -.3563767267f,   -.8603695270f},
            {-.3563767267f,    .9069130180f,   -.2247318543f},
            {-.8603695270f,   -.2247318543f,    .4574493092f}
        },
        new float[3,3]
        {
            {-.3643623273f,   -.3563767267f,    .8603695270f},
            {-.3563767267f,    .9069130180f,    .2247318543f},
            { .8603695270f,    .2247318543f,    .4574493092f}
        },
        new float[3,3]
        {
            {-.3643623273f,    .3563767267f,   -.8603695270f},
            { .3563767267f,    .9069130180f,    .2247318543f},
            {-.8603695270f,    .2247318543f,    .4574493092f}
        },
        new float[3,3]
        {
            {-.3643623273f,    .3563767267f,    .8603695270f},
            { .3563767267f,    .9069130180f,   -.2247318543f},
            { .8603695270f,   -.2247318543f,    .4574493092f}
        },
        new float[3,3]
        {
            {.4574493092f,   -.8603695270f,   -.2247318543f},
            {-.8603695270f,  -.3643623273f,   -.3563767267f},
            {-.2247318543f,  -.3563767267f,    .9069130180f}
        },
        new float[3,3]
        {
            {.4574493092f,   -.8603695270f,    .2247318543f},
            {-.8603695270f,  -.3643623273f,    .3563767267f},
            { .2247318543f,   .3563767267f,    .9069130180f}
        },
        new float[3,3]
        {
            {.4574493092f,    .8603695270f,   -.2247318543f},
            { .8603695270f,  -.3643623273f,    .3563767267f},
            {-.2247318543f,   .3563767267f,    .9069130180f}
        },
        new float[3,3]
        {
            {.4574493092f,    .8603695270f,    .2247318543f},
            { .8603695270f,  -.3643623273f,   -.3563767267f},
            { .2247318543f,  -.3563767267f,    .9069130180f}
        },
        new float[3,3]
        {
            {.9069130180f,   -.3563767267f,   -.2247318543f},
            {-.3563767267f,  -.3643623273f,   -.8603695270f},
            {-.2247318543f,  -.8603695270f,    .4574493092f}
        },
        new float[3,3]
        {
            {.9069130180f,   -.3563767267f,    .2247318543f},
            {-.3563767267f,  -.3643623273f,    .8603695270f},
            { .2247318543f,   .8603695270f,    .4574493092f}
        },
        new float[3,3]
        {
            {.9069130180f,    .3563767267f,   -.2247318543f},
            { .3563767267f,  -.3643623273f,    .8603695270f},
            {-.2247318543f,   .8603695270f,    .4574493092f}
        },
        new float[3,3]
        {
            {.9069130180f,    .3563767267f,    .2247318543f},
            { .3563767267f,  -.3643623273f,   -.8603695270f},
            { .2247318543f,  -.8603695270f,    .4574493092f}
        },
        new float[3,3]
        {
            {.4574493092f,   -.2247318543f,   -.8603695270f},
            {-.2247318543f,  .9069130180f,    -.3563767267f},
            {-.8603695270f,  -.3563767267f,   -.3643623273f}
        },
        new float[3,3]
        {
            {.4574493092f,   -.2247318543f,    .8603695270f},
            {-.2247318543f,  .9069130180f,     .3563767267f},
            { .8603695270f,   .3563767267f,   -.3643623273f}
        },
        new float[3,3]
        {
            {.4574493092f,    .2247318543f,   -.8603695270f},
            { .2247318543f,  .9069130180f,     .3563767267f},
            {-.8603695270f,   .3563767267f,   -.3643623273f}
        },
        new float[3,3]
        {
            {.4574493092f,    .2247318543f,    .8603695270f},
            { .2247318543f,  .9069130180f,    -.3563767267f},
            { .8603695270f,  -.3563767267f,   -.3643623273f}
        },
        new float[3,3]
        {
            {.9069130180f,   -.2247318543f,   -.3563767267f},
            {-.2247318543f,  .4574493092f,    -.8603695270f},
            {-.3563767267f,  -.8603695270f,   -.3643623273f}
        },
        new float[3,3]
        {
            {.9069130180f,   -.2247318543f,    .3563767267f},
            {-.2247318543f,  .4574493092f,     .8603695270f},
            { .3563767267f,   .8603695270f,   -.3643623273f}
        },
        new float[3,3]
        {
            {.9069130180f,    .2247318543f,   -.3563767267f},
            { .2247318543f,   .4574493092f,    .8603695270f},
            {-.3563767267f,   .8603695270f,   -.3643623273f}
        },
        new float[3,3]
        {
            {.9069130180f,    .2247318543f,    .3563767267f},
            { .2247318543f,   .4574493092f,   -.8603695270f},
            { .3563767267f,  -.8603695270f,   -.3643623273f}
        }
    };
}
